# id	left	top	right	bottom	texture_id
[SPRITES]
#NormalGoomba
#WALK
2000	4	13	22	31	10
2001	24	13	42	31	10
#DIE
2200	44	20	62	32	10
2201	342	22	368	32	10
#DIEBYSHELL
2202	80	11	96	27	10
2203	265	12	281	28	10
#ParaGoomba
#WALK HAVE WING
2002	63	10	83	32	10
2003	86	10	108	32	10
#JUMP
2004	109	5	131	37	10
2005	133	5	155	37	10
#WALK-NO-WING
2006	4	13	22	31	10
2007	24	13	44	31	10
# ani_id	sprite1_id	time1	sprite2_id	time2	...
[ANIMATIONS]
20000	2000	100	2001	100
21000	2200	100
20001	2002	100	2003	100
20002	2002	100	2004	100	2003	100	2005	100
20003	2002	100	2004	400	2003	100	2005	400
20004	2006	100	2007	100
21001	2201	100
21002	2202	100
21003	2203	100