# id	left	top	right	bottom	texture_id
[SPRITES]
#Mushroom
8001	300	189	316	205	20

#Coin
9001	303	99	313	115	20
9002	322	99	330	115	20
9003	341	99	347	115	20

#FIREBULLET
160720	569	120	578	128	20
160721	582	118	591	128	20
160722	608	120	617	128	20
160723	461	118	470	128	20

#LEAF
8002	285	250	301	264	20
8003	300	208	316	222	20

#BIGCOIN
8007	334	100	348	116	40

#HUD
170720	5	244	257	278	50

#SPEED_STACK
170721	35	109	43	117	50
170722	50	109	66	117	50
170723	60	109	61	110	50

# ani_id	sprite1_id	time1	sprite2_id	time2	...
[ANIMATIONS]
#MUSHROOM
80000	8001	100
#LEAF
80001	8002	100
80002	8003	100
#COIN
90000	9001	50	9002	50	9003	50


#BIGCOIN

80005	8007	100
#FIREBULLET
1607200	160720	50	160721	50	160722	50	160723	50

#SPEED_STACK
17072000	170721	200	170723	200
17072001	170722	200	170723	200